34 28 25 47 46
37 31 18 17 16
22 1 12 49 29
32 14 41 39 42
24 4 9 2 8
==================
12 18 16 10 29
37 11 43 45 21
22 24 9 8 46
1 31 19 42 20
47 35 39 48 7
==================
42 37 17 10 47
23 13 8 6 38
28 12 1 20 40
2 45 7 31 36
15 27 9 44 14
==================
49 29 33 4 8
34 31 41 16 25
1 45 46 24 23
37 32 18 42 44
21 6 13 2 12
==================
31 6 33 47 23
14 8 11 18 20
22 28 38 44 19
32 45 37 49 10
36 9 29 41 42
==================
5 32 27 8 2
47 13 48 6 36
4 7 26 19 16
9 35 25 18 14
12 23 15 1 43
==================
1 19 20 22 43
21 49 10 18 8
23 48 3 34 11
44 36 9 35 26
45 30 15 31 24
==================
28 31 17 11 47
36 3 9 22 27
32 45 44 26 4
37 5 19 34 43
25 10 8 30 39
==================
36 48 22 4 25
32 2 44 23 18
19 35 26 41 27
12 28 46 38 21
13 15 34 40 33
==================
7 47 23 6 46
30 34 31 32 35
39 12 20 25 21
26 24 17 41 29
2 38 8 1 36
==================
30 39 48 4 38
47 37 22 44 13
28 20 9 11 49
18 3 45 1 41
21 15 17 7 5
==================
3 42 17 38 30
27 44 48 11 4
49 46 34 5 20
28 15 36 35 19
13 43 26 10 21
==================
17 9 35 49 4
27 6 32 8 26
42 45 31 10 22
44 36 37 5 25
38 23 11 28 24
==================
27 5 8 18 4
10 33 38 29 11
46 1 34 2 23
41 49 35 26 37
12 43 6 22 42
==================
32 8 37 46 17
13 44 6 47 31
45 20 10 19 9
49 39 3 38 18
22 14 28 11 34
==================
30 26 39 7 43
24 6 2 37 36
20 31 19 9 23
14 42 11 41 25
28 38 29 12 1
==================
3 35 27 32 34
36 45 15 29 11
31 40 44 24 6
47 12 30 9 10
41 26 21 7 49
==================
31 36 9 7 43
1 24 42 38 12
16 32 20 49 30
4 34 15 25 5
23 13 21 46 26
==================
20 42 35 48 21
44 29 45 30 33
14 2 28 8 36
38 31 18 17 26
46 15 11 1 12
==================
8 12 48 24 46
2 11 15 25 40
14 27 9 34 45
6 16 32 19 41
18 28 29 42 3
